2
22
26
27
39
40
56
70
71
72
83
84
92
93
94
95
96
97
98
111
120
123
124
125
131
133
148
149
150
151
154
169
172
191
192
202
205
207
215
221
224
228
229
230
238
240
241
243
244
258
259
261
271
272
273
293
313
316
318
320
321
331
340
341
342
343
344
345
346
350
355
356
357
358
360
361
371
372
373
374
376
377
380
381
383
386
387
392
395
402
403
424
426
427
444
451
463
465
466
496
499
500
501
503
507
510
513
517
519
520
524
528
530
531
549
550
552
555
557
573
574
581
582
598
601
614
615
616
617
618
622
640
642
677
678
699
700
720
725
729
736
738
739
740
744
748
749
759
760
777
778
784
786
805
819
822
824
832
833
834
835
841
842
844
849
850
871
878
887
904
931
941
942
943
946
967
977
981
982
986