16
17
23
51
52
53
55
59
78
79
80
105
110
117
118
119
129
135
136
140
144
146
147
152
155
156
157
165
168
170
175
176
177
178
179
181
197
198
199
200
201
206
208
211
214
216
219
220
222
223
226
227
234
242
249
256
257
260
262
268
269
270
302
307
311
312
315
317
319
322
323
327
328
329
330
332
333
334
337
338
339
348
349
351
369
370
375
406
409
411
412
417
418
419
425
428
429
435
436
441
442
455
456
462
484
497
498
515
516
518
521
522
523
526
527
529
534
538
544
545
548
551
554
558
561
575
576
577
603
604
605
606
608
610
620
621
651
652
653
654
661
663
671
672
676
690
691
695
696
702
704
710
711
712
715
716
718
719
721
723
727
734
735
750
751
769
770
771
772
774
776
787
788
790
798
799
804
807
808
810
812
813
814
815
818
820
821
823
828
837
840
845
846
860
875
876
877
883
884
891
893
908
909
913
915
916
919
922
923
945
949
950
962
963
969
971
972
985