3
4
5
6
7
8
9
10
11
12
13
14
15
20
21
41
42
44
45
75
76
87
88
100
103
104
108
109
112
113
126
127
137
138
139
141
142
145
159
163
173
188
190
217
247
248
266
267
274
275
276
284
285
286
314
367
368
378
379
382
389
390
394
401
404
405
431
432
433
434
437
438
443
446
447
452
453
457
475
476
477
487
488
508
509
546
547
560
562
563
567
568
587
588
591
592
595
596
599
600
626
627
628
638
639
641
644
645
646
664
673
674
675
680
681
682
683
684
685
686
687
688
697
698
708
709
724
726
732
737
746
747
773
775
792
793
855
856
857
858
859
861
863
869
885
886
889
890
926
935
936
954
961
973
993
994