18
19
25
29
30
31
32
43
46
47
48
50
57
58
62
73
74
77
81
85
86
101
106
107
121
122
128
132
134
143
160
161
162
164
180
182
239
246
250
251
252
255
263
264
265
277
283
295
296
297
303
304
305
306
308
324
325
326
335
336
352
353
354
365
366
396
407
408
410
413
414
420
421
422
430
439
440
448
449
450
454
460
461
480
481
482
483
485
486
492
493
494
495
514
540
541
543
564
565
566
569
578
579
580
583
584
589
590
593
594
597
602
611
612
613
619
623
624
625
629
633
634
635
636
637
643
655
656
658
659
660
679
689
692
693
694
703
706
707
713
714
717
728
730
731
752
754
755
758
761
762
763
764
765
766
767
768
779
780
781
782
783
785
791
794
795
796
797
806
809
816
825
826
836
847
848
851
852
853
854
862
867
868
870
872
873
874
892
894
895
896
897
898
901
902
903
905
907
910
914
917
925
928
929
930
932
933
934
939
940
947
955
959
960
964
968
970
974
975
976
978
979
980
983
984
988
989
990
991
992