24
28
33
34
35
36
37
38
49
54
60
61
63
64
65
66
67
68
69
82
89
90
91
99
102
114
115
116
130
153
158
166
167
171
174
183
184
185
186
187
189
193
194
195
196
203
204
209
210
212
213
218
225
231
232
233
235
236
237
245
253
254
278
279
280
281
282
287
288
289
290
291
292
294
298
299
300
301
309
310
347
359
362
363
364
384
385
388
391
393
397
398
399
400
415
416
423
445
458
459
464
467
468
469
470
471
472
473
474
478
479
489
490
491
502
504
505
506
511
512
525
532
533
535
536
537
539
542
553
556
559
570
571
572
585
586
607
609
630
631
632
647
648
649
650
657
662
665
666
667
668
669
670
701
705
722
733
741
742
743
745
753
756
757
789
800
801
802
803
811
817
827
829
830
831
838
839
843
864
865
866
879
880
881
882
888
899
900
906
911
912
918
920
921
924
927
937
938
944
948
951
952
953
956
957
958
965
966
987
995
996
997
998
999
1000
1001